0.00000 	 1500.00000 	 1500.00000
0.10000 	 9000.00000 	 222619.73865
0.20000 	 54000.00000 	 33039698.69221
0.30000 	 324000.00000 	 4903526058.70817
0.40000 	 1944000.00000 	 727747793114.68457
0.50000 	 11664000.00000 	 108007349006078.65625
0.60000 	 69984000.00000 	 16029711872286724.00000
0.70000 	 419904000.00000 	 2379020178470141440.00000
0.80000 	 2519424000.00000 	 353077900255529205760.00000
0.90000 	 15116544000.00000 	 52401406586227519389696.00000
1.00000 	 90699264000.00000 	 7777058292880587586797568.00000
1.10000 	 544195584000.00000 	 1154217789771307422473781248.00000
1.20000 	 3265173504000.00000 	 171301108472353313992063582208.00000
1.30000 	 19591041024000.00000 	 25423338666154917134422754983936.00000
1.40000 	 117546246144000.00000 	 3773158006378736236927961696043008.00000
1.50000 	 705277476864000.00000 	 559986299519848082908736525166444544.00000
1.60000 	 4231664861184000.00000 	 83109335765902305255887503846052724736.00000
1.70000 	 25389989167104000.00000 	 12334519071934490163063714424871635124224.00000
1.80000 	 152339935002624000.00000 	 1830604941476752355998160727852322486484992.00000
1.90000 	 914039610015744000.00000 	 271685862433352118696720463918747584563249152.00000
2.00000 	 5484237660094464000.00000 	 40321757127241816679881039626903745452272779264.00000
2.10000 	 32905425960566784000.00000 	 5984279355820791204606483732285232412986024394752.00000
2.20000 	 197432555763400704000.00000 	 888145804149707919953292101202355447712226280996864.00000
2.30000 	 1184595334580404224000.00000 	 131812524537556418437013156403980095688878753478344704.00000
2.40000 	 7107572007482425344000.00000 	 19562713175904635980154400052572332273888163171617734656.00000
2.50000 	 42645432044894552064000.00000 	 2903364063053564496218717507406632813145024125544370798592.00000
2.60000 	 255872592269367312384000.00000 	 430897432622671834361582953475577304240079591157760119537664.00000
2.70000 	 1535235553616203874304000.00000 	 63950849224720349419965733457510837960422440618816102861897728.00000
2.80000 	 9211413321697222172082176.00000 	 9491147560733306369782552328791829579891543548424996373303132160.00000
2.90000 	 55268479930183337327460352.00000 	 1408611192997183871415614701131024000937466067297838554282396221440.00000
3.00000 	 331610879581100041144631296.00000 	 209056437099955269426514990262204823727467028259159788073860653383680.00000
3.10000 	 1989665277486600246867787776.00000 	 31026726260733453810367815091431071227874552014708028673163068142780416.00000
3.20000 	 11937991664919603680229982208.00000 	 4604774460966324709083639904249818976223865922939227042956910333106585600.00000
3.30000 	 71627949989517626479426404352.00000 	 683409124706876366338075104545187443005015315001129590583765505528528109568.00000
3.40000 	 429767699937105811653116559360.00000 	 101426907157277110444773201901317273239043748449288169024466806582788860411904.00000
3.50000 	 2578606199622634869918699356160.00000 	 15053087709214803412782532322578094781530629372673233000790032704873628692381696.00000
3.60000 	 15471637197735810345412102979584.00000 	 2234076301172736209530281336357923543709251073241851101243954686812658328580128768.00000
3.70000 	 92829823186414866576072245248000.00000 	 331566321533245063715221809860568456685881983746280374372755554002655332880904880128.00000
3.80000 	 556978939118489199456433471488000.00000 	 49208805230769550977386719981932713150533261567376482091745199108061160974717705781248.00000
3.90000 	 3341873634710935196738600828928000.00000 	 7303234239962111644412589159853225846959230436401810626957679060553863270414364232908800.00000
4.00000 	 20051241808265611180431604973568000.00000 	 1083896065218850810272619190260064341579257292619866207726163016335720297007719506788745216.00000
4.10000 	 120307450849593685529333703550959616.00000 	 160864439177986576282594275258815834722018419687849789171213349417961557380420548575885262848.00000
4.20000 	 721844705097562186962978516143964160.00000 	 23874399605668595854880065252422358591722957942992691703808822316600089088663267484881960042496.00000
4.30000 	 4331068230585373416925776276216610816.00000 	 3543275067154584995897151578976156537215335176882809561104927122882932962249382448373139003932672.00000
4.40000 	 25986409383512241682146278374710968320.00000 	 525868646285820932443705375101650337328243096435772216157542053961744598810353196975156667300708352.00000
4.50000 	 155918456301073459537610635987556237312.00000 	 78045827068271879802368338819713501959501260718425756668645830670021706066732303422724187582233575424.00000
4.60000 	 935510737806440719446731952968175714304.00000 	 11583027749975941060502295411653974216691782639987879969519024293674729062665175626657153566142514593792.00000
4.70000 	 5613064426838645525606211332438228992000.00000 	 1719073740346690180764183892889796692653754551781217721255146725159534710219800030835515585582311504084992.00000
4.80000 	 33678386561031873153637267994629373952000.00000 	 255133164535141920004681708956184785470970304871637944906499256892646413072117594254048772318604772128063488.00000
4.90000 	 202070319366191238921823607967776243712000.00000 	 37865118940497865630937654574707598705678898705885845906422342903281630886073917550232323328799455609131892736.00000
5.00000 	 1212421916197147433530941647806657462272000.00000 	 5619681921753934974082139888924069464963016559271016957853586883171852666379409074438625187248234727799821172736.00000
5.10000 	 7274531497182883982215630244149807324069888.00000 	 834034747159163609118328028825224989372971990007033750663559656609647977209629230733902452779484913150506293002240.00000
5.20000 	 43647188983097306369173860035659393742667776.00000 	 123781731627206667852288972324994835277293985652049311913247107936495569151501382469018025053069282875301918672945152.00000
5.30000 	 261883133898583867925604103063082960034988032.00000 	 18370837829982100229706522654930904517123338584013763643546744240341256405833289252094750384186019159306157385112879104.00000
5.40000 	 1571298803391503049097299589849822573122027520.00000 	 2726474077708610598909928911977992835757043382524633302558544889858867056399623490945727282497571936102241285835228971008.00000
5.50000 	 9427792820349018928409097653213636187083767808.00000 	 404644631084018744514257125437143374831689833107394450703477664715775897546859034359452481353934302844810421360480055459840.00000
5.60000 	 56566756922094111035153385462823014129096196096.00000 	 60054588013075875293786648118268892524532432348981565128156614696143410559890874334246655368754425427861457194576257321271296.00000
5.70000 	 339400541532564706775739520080278932669079748608.00000 	 8912891125624317415085397516995078760876296065629864039791170828129305958573691925485116551250300378210407090013144311813636096.00000
5.80000 	 2036403249195388321784075535088355291803483635712.00000 	 1322790328691299563288297553570467220177535748950687489583240087988829369853961028224764599186667961939423957318492789637944180736.00000
5.90000 	 12218419495172330579741560527383585317132942966784.00000 	 196319491511400229536022680902219264746232795037255625606882943749206220398869815760915876940682195188978540834948373977877536833536.00000
6.00000 	 73310516971033978286152504629473883372301328580608.00000 	 29136395928618374896243596833710848937290139587256852411141093622488198943186382847098988238301276366802937105640136637236900999987200.00000
6.10000 	 439863101826203973562852198473395870843734555885568.00000 	 4324224564629702695157618517921264727665822323244336979679280672055987721176741665935308206953736468782805504908493360714351776135905280.00000
6.20000 	 2639178610957224007530612663954859338038289870356480.00000 	 641771828305657950418415527010614010233476479516121033226207299512583379712241773686574424612889083384639918959009882146119686059494211584.00000
6.30000 	 15835071665743344709797673876187092480133269362311168.00000 	 95247384461884474186917219878726131249332720693537326067981178228842845740673372236657126312194535545914518887509487671094615102812323840000.00000
6.40000 	 95010429994460062941874060117459063265571375052488704.00000 	 14135965224245134989869830333352786036483729446686106856676186149234651381444502803607185947846234500332073045412758816570444218227489608040448.00000
6.50000 	 570062579966760420186540225822062312515254179285958656.00000 	 2097963255894382670065083156428549769173648919028982744158743570421399298944338584140635540663745963808522124180536627446587001916666340880416768.00000
6.60000 	 3420375479800562180836874433993910411716917643947540480.00000 	 311365354488412590773984014538024252790870510929490111538806679469576412464804975829371138489657753006900514056914265102344700438866853102608187392.00000
6.70000 	 20522252878803375807280181971471170177298365317830934528.00000 	 46210715894718926355662964996301044437171877275928503519665781101192929544720504157068881985326264835208862519894700961148906818344248046600060928000.00000
6.80000 	 123133517272820265732716833298857851891777629723568373760.00000 	 6858278330327273012567732244922013349044436189450146282465066530705664558786658846818019513374614701279517914780681047366756924852890959948449612562432.00000
6.90000 	 738801103636921637952443965673270434662615529607741308928.00000 	 1017858753008557083867171803880962249454999478268425612408989086454616975875182853578116919195505465321297467003296761655298972572987212687264375665328128.00000
7.00000 	 4432806621821530350388379384601102487719090192842420649984.00000 	 151063633054209154216288091475967920881674857596840800736787996884536857515755759223293053134387668059289960839139417913483029603132610973690943808135495680.00000
7.10000 	 26596839730929182102330276307606614926314541157054523899904.00000 	 22419831007087588318161032224044597358082959682158667697234494013986374100078091896635935169540663631189762542420712064607007915324574789181494892134200770560.00000
7.20000 	 159581038385575092613981657845639689557887246942327143399424.00000 	 3327397946307769360509956295846174517797089728117503886613892565586648615566349236432077078244537317300998303175057540855224091972505008117330376433129305931776.00000
7.30000 	 957486230313450644886870741196330703490196572247408884318208.00000 	 493829640802989616301736260755763197742400589004816883533570575331667006981229337863429524764746299755164701684101694062657327364034237394323005671001661630316544.00000
7.40000 	 5744917381880704582945070800157924750084164158232021497282560.00000 	 73290817050058157574091471805004616847604596693578376471760716913143770406113510072280692060146369835973848318634121178593453848270346715778376028217836123962998784.00000
7.50000 	 34469504291284233206661195624787072733648862747372674514681856.00000 	 10877321691608113918243026130078935309261759017140565686528485979807075256314657157470886536967538173490269411824420621531245550724888863693413297383840685279638716416.00000
7.60000 	 206817025747705422075930257044080533334468687676158229212037120.00000 	 1614337674826541995383539774395423309506744997174310659260045055573127587343911664954488293739873965442962828597308960241801453410953448473990111297862653240821103460352.00000
7.70000 	 1240902154486232715143286208627347975467416215592326832263790592.00000 	 239588954179315098356461908679338035760618621856923790537514351348707345569923487892636662835572719263598920191653173804446053052126934351264314280735294068486719267667968.00000
7.80000 	 7445412926917397021610535917215546954646913651695470821549015040.00000 	 35558153575836642086383349092308411940627143528657453780372127022956669128990858549579274705583687909557930845069428627737952336581709114869589977562149026218632330883366912.00000
7.90000 	 44672477561504382129663215503293281727881481910172824929294090240.00000 	 5277297904044194475895294766264321323150226883261878611764287262965444148422752493928130940322109851511265326201182889392968668082021608590894326262839168896654644973072809984.00000
8.00000 	 268034865369026292777979293019759690367288891461036949575764541440.00000 	 783220453464605008041081192491747992882535230978058054884645262296995140800836663752553462910293960810934250159795196752614035839367800701518540931413874582388224519679449759744.00000
8.10000 	 1608209192214157569595666179762984612132074761081995181495221747712.00000 	 116240221772434581809761905392064435702998560410329415997281831461159636533447707053466985091132769571050377926933994671705104281377097253745670350002384487155739008689767758954496.00000
8.20000 	 9649255153284946165862835392000201793079082917228877152808792489984.00000 	 17251578528032098917725523833752281337652523011940049149704302934638050021226209164191692680595687026984982281157414172495068930972509406057332147777806133914006579970811508283146240.00000
8.30000 	 57895530919709676995177012352001210758474497503373262916852754939904.00000 	 2560361268851421337235442800482717180369946324909333172189155559092281568651952534356659305961173538356364063299715688329977002748900541629517741898877569803519000250382601696080560128.00000
8.40000 	 347373185518258109861547726171034088249191583467401565586714097876992.00000 	 379991304354099159916014525169595179771972722213435166534543739799342950590073080849531245268785537920683262588313284956288321343745911089611699575549471837277322095084853391149691305984.00000
8.50000 	 2084239113109549042293171573498419119081906288381705298205065133162496.00000 	 56395709910700519401142960475789635321638988773225754366643753284592192795493979958107215152976393764227450116362407429772332520039945623446753067039491284650096576966220903946332124741632.00000
8.60000 	 12505434678657295020006799873934943893664951305444823598599951890776064.00000 	 8369865467679549774579891821895556035377572757712652721236831735535767113590330285903328682392639679763718423060116940199879353752304556059605396972583519411581735276260417627694374835978240.00000
8.70000 	 75032608071943776250022962707165096795377816433905676066556200079065088.00000 	 1242198175321957018598969439151843967614238259846428907647248008749393460708182850043853938305291119353150695160413171905113438391368112591678891967935876207317185377678106520103290877545283584.00000
8.80000 	 450195648431662682020066430097212314505819333008380994299163155412025344.00000 	 184358555430987916708808758425953869864361858170190942783155570511658146376210564220511169430992929958269527644980019170579021807154590509568800588752872162224645111731140550535307515598009794560.00000
8.90000 	 2701173890589976288279827811417047756903335473289861468993586571973230592.00000 	 27361235619098833982611381103057896694286731706209088210084773664035985775385475201937457490275078048974175774407421343245364360376483738061620584454571658270129069066805817055048711002230372696064.00000
9.00000 	 16207043343539856945041249945167191061946334938780866801167088873835069440.00000 	 4060767415180399986926029404668191090184550068809839658875525332039276918271555902958321033113200924047849680079515918191821958939728309393931573334184312827312360954530147923237755360098308845469696.00000
9.10000 	 97242260061239141670247499671003146371678009632685200807002533243010416640.00000 	 602671320467727364978596515075715071784182465610606051963679913996782233854133637331194327304964616510987090532620403024668792729516668095884987650894427524635120557928503399739369069046070795132993536.00000
9.20000 	 583453560367434850021484998026018878230068057796111204842015199458062499840.00000 	 89444354571141796114891668346621184151005793245743653570265778865719202936093112139883265654522022695886547862829071986635722785473061075060244927672907097766430999436641060531580597596469846500546969600.00000
9.30000 	 3500721362204609100128909988156113269380408346776667229052091196748374999040.00000 	 13274719225794140686749946137467993660505986249403389935170502263506472564877737592386088663780109358206901677145022903952846162414087391323042376771468457422657822335045517500792026372548020670058719084544.00000
9.40000 	 21004328173227657814649548446917230700206634762985208418718534746075920596992.00000 	 1970143016499705631976416148357453971429877189435171589095412146503483946935097825708166558051494758153697471844324674691761304222885753978561604080643666240060304092362679437797190416448268820837665985265664.00000
9.50000 	 126025969039365959743401644753425588536936547307212070689935158738798205992960.00000 	 292395148962600958382796204333382007816592471882724633453640228839574920235837472238571709249975400346143014545135367950888360744418040988742423782365642499488848501146279975463581724069517766147108474342866944.00000
9.60000 	 756155814236195707038392452232864713878832328926069143429115151383418506313728.00000 	 43395287763810543720717172299221718959467528988556600377418512269514274187833193617037280305359561462281229837524279488504039975180894971225002589673690670484113994420333476258595773923744083439603262306639675392.00000
9.70000 	 4536934885417174447918424378547943552644141793225227983416674112497993956458496.00000 	 6440431747192507356133115315520985380712640148274802541420893009446465796248948922920258593646154274723464056436896278734932217886893749817585644527990619914657242881148371224027059568828608262949242394390185377792.00000
9.80000 	 27221609312503046687510546271287661315864850759351367900500044674987963738750976.00000 	 955844821585366794855373304774458867917770258559627643025070756249450514970011163227329892024857606945455122214789978612770227290229484562920038085166600645283906345233857530638139254616236473803757824835611615297536.00000
9.90000 	 163329655875018280125063277627725967895189104556108207403000268049927782432505856.00000 	 141859949583314892866188848880220994553531595610162857708343923055598913292231041299949760862703728295542195388450604292376722094479335715785725797180017033101290294805260424712758982088994053095256896857288323813605376.00000
10.00000 	 979977935250109680750379665766355807371134627336649244418001608299566694595035136.00000 	 21053883267791999616586160245050139482084529353008570217689099640347368432820460269122870960788062927237532220476179892912631590276019060436851028362210051870180345535584602402800197239882397268164478248847685363896942592.00000
